#ChipScope Pro Analyzer Project File, Version 3.0
#Tue Apr 29 01:53:34 CDT 2014
mdiAreaHeight=0.6978021978021978
mdiAreaHeightLast=0.6978021978021978
mdiCount=2
mdiDevice0=4
mdiDevice1=4
mdiType0=1
mdiType1=0
mdiUnit0=0
mdiUnit1=0
navigatorHeight=0.1771978021978022
navigatorHeightLast=0.17857142857142858
navigatorWidth=0.1794871794871795
navigatorWidthLast=0.1794871794871795
signalDisplayPath=0
